0.2020 2.0960 0
0.6263 2.7244 0
1.0999 2.9356 0
2.1487 4.0844 0
2.0482 4.0879 0
3.4013 5.3629 0
4.6569 6.5685 0
4.7481 6.5817 0
4.2568 6.9358 0
5.7252 7.5667 0
5.9133 7.8809 0
6.4322 8.3451 0
4.5911 8.7735 1
7.0797 8.9649 0
7.8349 10.8787 0
9.3010 11.2064 0
9.8522 11.9636 0
10.0537 12.2483 0
12.0625 14.4116 0
12.5391 14.5944 0
13.4328 15.3249 0
13.6921 15.5683 0
15.7732 17.9620 0
15.5297 18.0876 0
18.7196 20.5627 0
18.3706 20.5992 0
18.2399 20.8033 0
20.4296 22.3407 0
17.6866 22.4500 1
16.7315 22.5799 1
20.0989 23.6499 1
19.9148 23.9426 1
21.9808 23.9595 0
23.7339 25.5547 0
26.4600 28.3279 0
21.5217 28.7368 r0
26.9780 28.8110 0
27.0431 28.9903 0
27.3823 29.2197 0
27.7015 29.6619 0
28.1821 30.0445 0
29.0508 30.9422 0
29.0980 31.0031 0
29.5324 31.6259 0
31.0106 32.9046 0
30.1503 32.9219 0
29.5229 33.1410 1
30.7588 33.4937 0
32.6190 34.5789 0
30.7253 35.1960 1
32.5635 35.5833 0
34.0057 35.9709 0
33.1101 36.3012 0
34.8751 37.3294 0
35.6735 37.6647 0
34.7913 38.6493 1
36.4049 38.7995 0
38.0478 39.9331 0
38.5098 40.5193 0
39.7688 42.0673 0
40.5063 42.3389 0
40.9622 43.1232 0
41.3307 43.2483 0
41.2617 43.3237 0
42.7895 44.6648 0
44.1494 46.2287 0
44.3524 46.3891 0
45.3942 47.2716 0
45.9831 48.4882 0
46.1335 48.5310 0
46.9903 49.1421 0
46.8447 49.1883 0
47.1969 49.5433 0
47.7568 49.8871 0
49.4087 51.5248 0
44.4605 51.9692 r0
49.9313 53.0450 1
51.6481 53.5125 0
51.1569 53.5609 0
51.2415 54.3688 1
52.2413 54.3891 0
52.9434 55.0537 0
53.4207 55.3438 0
53.9048 55.8262 0
54.0540 56.5306 0
54.9324 57.0813 0
55.5466 57.5978 0
55.4278 57.8542 0
55.9165 58.0345 0
54.9747 58.3521 1
56.0174 58.5702 0
56.8853 58.7273 0
58.8507 60.7634 0
59.0119 60.8598 0
58.2532 61.0491 0
61.5449 63.6934 0
62.2660 64.8750 0
62.8316 64.9278 0
61.4458 65.1091 1
63.2287 65.2472 0
63.6172 65.4924 0
62.8031 65.5250 0
62.9682 66.0783 1
64.0752 66.0814 0
64.0762 66.7165 0
64.2022 66.8105 0
64.1421 67.5394 1
65.5755 67.7156 0
64.8046 67.7944 0
65.7014 68.1719 0
66.0988 68.5527 0
66.1959 69.0307 0
66.8977 69.6826 0
67.3890 69.7318 0
64.9120 69.9860 1
66.7993 70.3255 1
69.4426 71.4649 0
69.7903 71.7560 0
69.5270 71.9546 0
70.3163 72.2403 0
70.5380 72.5462 0
66.0473 72.9789 r0
71.8409 73.9438 0
72.3463 74.1702 0
73.6707 75.5370 0
74.7921 76.6292 0
73.1431 76.9733 1
76.9566 79.0504 0
78.1767 80.5353 0
79.4977 81.6045 0
80.4151 82.2939 0
80.1864 82.8144 0
78.5700 82.8282 1
81.8872 83.8931 0
82.4131 84.7814 0
83.5751 85.5282 0
85.0739 86.9191 0
85.0524 87.1045 0
82.4106 89.5943 r0
87.6851 90.1625 0
88.2184 90.2034 0
89.0841 91.4043 0
88.9342 92.1583 1
90.6567 92.7483 0
86.8627 93.3052 r0
92.0830 93.9061 0
90.1902 94.0531 1
92.4716 94.5462 0
92.7333 94.7659 0
87.8370 95.0353 r0
93.2558 95.2054 0
91.9582 95.6335 1
93.8624 96.5619 0
94.8540 97.0359 0
95.1157 97.6110 0
95.8640 97.8226 0
96.3967 98.4546 0
96.6237 98.9110 0
96.8018 98.9389 0
97.0648 98.9390 0
96.2495 100.2668 1
98.5716 100.9785 0
95.2047 101.1176 1
101.3056 103.2136 0
101.5916 104.1532 0
102.0309 104.3108 0
102.3088 104.6320 0
102.8081 104.6953 0
103.5393 105.5750 0
104.3297 106.7717 0
104.9468 107.2221 0
104.9889 107.2315 0
105.3801 107.6686 0
105.8392 107.8859 0
105.9243 107.9267 0
101.9406 108.4812 r0
107.5205 110.1534 0
108.1989 110.2468 0
108.6597 110.9099 0
107.6197 110.9285 1
108.9842 111.0087 0
108.3787 111.1880 0
109.3700 111.2044 0
111.1583 113.1063 0
111.7821 113.8032 0
112.3334 114.2528 0
112.6081 114.5731 0
111.2958 114.7573 1
111.5784 114.8127 1
113.0907 116.2838 1
115.3561 117.2635 0
110.2754 117.6116 r0
115.8253 117.7325 0
116.0013 117.8304 0
112.5391 119.3270 r0
118.1364 120.4398 0
118.9313 120.7791 0
119.3138 121.3245 0
120.4351 122.6316 0
120.5907 122.7794 0
120.1878 122.9730 0
121.2919 123.2977 0
120.3777 123.3878 0
120.7213 123.4185 0
117.7466 124.3291 r0
121.6048 124.7117 0
118.2486 124.7629 r0
122.0682 124.8466 0
122.4203 125.1785 0
121.4867 125.2993 0
123.0498 125.6581 0
123.8502 125.6987 0
124.3082 126.8115 0
123.9800 126.9110 0
124.5945 127.0423 0
125.6158 127.5023 0
125.2536 127.7536 0
126.1293 127.9914 0
127.0065 129.1559 0
128.1234 130.1428 0
129.0559 131.1348 0
129.2793 131.5123 0
130.0542 132.1088 0
130.1421 132.3976 0
129.3462 132.6900 1
131.5494 133.7614 0
131.2537 134.7886 1
132.8176 134.8594 0
135.2955 137.5334 0
134.6042 137.8714 1
135.9228 137.9709 0
134.8165 138.1261 1
136.2162 138.5917 0
137.0650 138.9526 0
132.4132 139.3076 r0
137.5460 139.6087 0
138.3484 140.7723 0
139.1227 141.0753 0
139.2707 141.1195 0
139.4502 141.4990 0
138.4882 141.7073 1
139.5362 141.8026 0
139.2313 142.0342 0
139.6341 142.7999 0
139.8374 142.9358 0
140.4862 142.9594 0
141.5953 143.4326 0
142.4042 144.3939 0
142.7354 144.8944 0
142.8095 145.4320 0
142.5124 145.5621 0
143.0698 145.7000 0
143.5661 146.4675 0
139.9036 146.6144 1
143.9103 146.8113 0
143.4002 147.4730 1
145.3190 147.7385 0
143.2119 150.0131 r0
148.5632 150.5052 0
148.0364 150.5097 0
149.9577 151.8541 0
150.2240 152.7617 0
151.6757 153.7860 0
151.9261 154.4023 0
152.7843 154.6120 0
154.0438 155.8932 0
154.0103 156.2333 0
154.5822 156.4262 0
154.4249 156.6414 0
153.3361 157.0900 1
148.2676 157.4930 r0
155.9240 157.9169 0
156.4847 158.4618 0
158.6101 160.5328 0
158.4259 160.7902 0
159.3590 161.3741 0
159.8985 161.7722 0
155.8071 162.2262 r0
161.0828 163.5118 0
161.0995 164.1889 0
162.2771 164.4336 0
162.6988 164.8337 0
163.4513 165.4093 0
163.5797 165.6416 0
163.5719 165.6619 0
164.1975 166.0760 0
164.6428 166.5556 0
165.2390 167.0576 0
166.3725 168.4653 0
167.3553 169.2126 0
167.4655 169.3230 0
168.9009 170.8148 0
169.3153 171.4448 0
169.6125 171.4749 0
169.8688 171.9551 0
169.9899 171.9744 0
169.6295 172.6818 0
171.1841 173.0059 0
172.6295 175.1607 0
172.9101 175.1959 0
173.7066 175.6646 0
172.7366 176.5311 1
175.7446 177.7264 0
175.5060 177.8005 0
176.0496 178.3165 0
176.9977 179.0077 0
178.4735 180.3403 0
177.0541 180.4454 1
178.9948 181.0234 0
179.3898 181.4049 0
179.6367 181.7058 0
179.9599 181.8099 0
179.9943 181.9748 0
180.1327 182.4715 0
180.3848 183.0014 0
180.4943 183.5043 0
180.7419 183.6886 0
180.7652 183.6982 0
181.0020 183.8653 0
181.0855 184.2954 0
181.7608 185.1885 1
182.0170 185.3225 0
182.2073 185.5358 1
182.8463 185.5508 0
183.0464 185.6107 0
182.2954 185.6165 0
183.1354 185.9414 0
183.2764 187.1826 0
184.7632 187.3267 0
185.9605 187.9500 0
186.3409 188.5250 0
184.7870 189.5620 1
188.0069 190.1304 0
188.4406 190.2616 0
189.2241 191.1699 0
190.1452 191.9979 0
190.0410 192.0044 0
190.4547 192.2821 0
190.4279 192.4436 0
190.6807 192.6407 0
191.0271 193.0810 0
191.3242 194.4358 0
192.7378 194.6191 0
191.4579 194.8226 0
193.1416 195.1384 0
191.2291 195.1485 0
192.0911 195.9277 1
194.0784 195.9519 0
194.1645 196.6106 0
194.6939 196.7142 0
193.6706 196.9204 1
194.4722 197.5553 0
195.3457 198.2048 0
196.4473 198.2821 0
195.9091 199.7161 1
197.9644 200.0751 0
194.3943 200.1948 1
200.7026 202.7540 0
201.8317 204.0687 0
202.3814 204.2881 0
201.7230 204.2908 0
202.9220 205.3847 0
203.7144 205.7399 0
204.9283 206.9538 0
205.4393 207.4714 0
206.5891 208.6395 0
207.1131 208.9401 0
207.9659 209.9250 0
207.9472 210.0059 0
209.0442 211.0644 0
207.8162 211.3162 1
210.3503 212.2263 0
210.3363 212.6413 0
210.6690 212.6869 0
209.2095 213.0213 1
212.7283 215.1023 0
213.1590 215.4284 0
213.7296 215.8712 0
215.9679 218.0759 0
216.3440 218.4574 0
216.6288 218.5587 0
216.9351 219.2734 0
216.9081 219.6911 0
217.3854 220.0721 0
217.4672 220.1848 0
218.3146 220.3266 0
218.4286 220.3793 0
218.5800 221.4308 0
214.9899 221.4845 r0
219.7794 221.6209 0
221.3138 223.1476 0
221.2070 223.3117 0
220.7807 223.3179 0
221.0253 223.5580 0
221.7085 223.8977 0
222.5961 225.1868 0
222.4913 225.2943 0
222.6963 225.3893 0
222.2488 225.6472 0
222.4808 225.8203 1
223.9165 226.7706 0
224.4518 227.2545 0
224.9437 227.2864 0
224.2959 227.3615 0
226.0331 227.9542 0
224.9966 228.4087 0
221.3894 228.7051 r0
226.5088 229.1974 0
226.1558 229.2587 0
226.5857 229.6483 0
227.4529 229.9354 0
228.6333 231.1896 0
228.8187 231.8121 0
230.8142 232.8006 0
230.8356 232.8753 0
230.9922 233.2398 0
231.1292 233.2651 0
231.0328 233.7595 0
227.0852 234.0698 r0
231.2430 234.4558 0
232.2308 234.8863 0
233.1474 235.1301 0
234.1238 235.9654 0
233.9287 236.0010 0
233.2754 236.1863 0
234.1726 236.2790 0
234.7084 236.7346 0
234.7091 237.7507 0
235.6592 237.8238 0
235.7853 238.0053 0
236.1861 238.1740 0
236.8122 238.6684 0
237.0494 239.0766 0
236.2423 239.7470 1
238.2526 240.3018 0
238.2658 240.6163 0
238.7820 240.6285 0
239.1047 241.6538 0
238.1537 241.6962 1
240.2623 242.1613 0
240.3256 242.4914 0
240.5952 243.1386 0
241.3293 243.3124 0
241.2823 243.3190 0
241.8791 244.0592 0
242.4632 244.3405 0
241.4260 244.9778 1
243.3428 245.2328 0
242.6519 245.3087 0
242.6803 245.3707 0
242.6988 245.6483 0
243.4123 246.1865 0
243.2830 246.5317 1
244.1627 246.7677 0
245.2903 247.2822 0
245.7250 247.6239 0
245.4825 247.9171 0
246.6023 248.8698 0
247.2426 249.4772 0
246.6970 250.3172 1
249.1656 251.0991 0
249.6438 251.8154 0
250.1827 252.0315 0
245.4775 252.0403 r0
250.3835 252.4627 0
250.7116 252.5736 0
250.7912 252.7655 0
252.2317 254.1453 0
247.4496 254.2808 r0
252.2686 254.3383 0
252.6660 254.9030 0
253.0517 255.0168 0
254.3412 256.2996 0
255.4011 257.3207 0
255.6953 257.5484 0
255.8263 257.6951 0
255.2586 257.8308 0
256.1152 257.9876 0
258.9526 260.9052 0
256.7122 261.1102 1
259.2861 261.1160 0
259.2238 261.1246 0
259.1128 261.1942 0
259.2041 261.2182 0
259.6196 261.7970 0
259.2491 262.6354 1
260.2561 263.0122 0
260.7032 263.1972 0
261.6466 263.5042 0
261.8538 263.7058 0
259.6892 263.7894 0
261.8172 263.8222 0
262.1380 265.1666 0
261.9085 265.3203 0
262.8518 265.4327 0
264.6491 266.6924 0
264.9409 266.8007 0
267.0976 268.9197 0
266.8577 269.0342 0
266.2351 269.0793 0
266.9151 269.2335 0
267.3054 269.3413 0
266.4107 269.5230 1
268.4925 270.3802 0
269.6459 271.6033 0
270.3794 272.4808 0
269.3955 272.9977 1
271.0383 273.0212 0
270.5086 274.3323 1
272.5221 274.6312 0
272.6734 275.1289 0
273.1365 275.1567 0
273.4390 275.2564 0
273.4909 275.6327 0
268.5535 275.8961 r0
273.7670 276.7057 0
274.2751 277.5822 0
274.3125 277.6727 0
275.4930 278.1967 0
275.8916 278.2101 0
276.6072 278.6002 0
276.5926 278.6454 0
275.1882 278.7290 1
277.9507 279.8288 0
273.1748 280.1551 r0
277.7128 280.2375 0
278.5180 280.6042 0
278.6061 280.6210 0
279.2227 281.3439 0
280.2722 282.2601 0
280.8040 282.6530 0
280.7471 282.8143 0
280.2587 283.5417 1
282.7491 284.6156 0
283.2363 285.2589 0
283.4709 285.3474 0
283.8039 285.7879 0
284.5000 286.5183 0
285.5937 287.4509 0
284.9561 288.1213 1
286.4688 288.3232 0
282.7256 289.4948 r0
288.0433 290.1732 0
289.4172 291.2900 0
289.9578 291.7879 0
292.2155 294.2469 0
292.1723 295.6273 1
293.5700 295.6354 0
294.2171 296.1606 0
296.4826 298.4709 0
294.3286 298.4967 1
296.7985 299.0877 0
297.5981 299.5865 0
298.3496 300.2459 0
298.9507 300.8385 0
298.3300 300.8741 0
299.2805 301.1298 0
299.5248 301.5384 0
300.5435 303.7091 1
302.7775 304.6467 0
302.8421 304.6840 0
303.1402 305.1488 0
302.9869 305.4515 0
303.6836 305.7060 0
303.6103 306.0676 0
303.8343 306.5518 0
304.5688 306.9502 0
304.6556 307.0153 0
304.7931 307.3491 0
306.5365 308.7096 0
306.7346 308.8541 0
307.0231 308.8792 0
307.0241 308.9224 0
307.6175 309.6243 0
307.7712 309.8772 0
308.4229 310.7028 0
309.0125 311.0262 0
309.4804 311.3309 0
309.6409 311.5659 0
309.4612 311.5715 0
310.5419 312.5110 0
310.9368 312.7965 0
309.1953 313.0789 1
311.6996 313.6898 0
311.9591 313.9626 0
312.2961 314.2802 0
312.3129 315.5659 1
313.9631 316.1169 0
313.4904 316.3218 0
314.3116 316.4112 0
313.7056 317.5960 1
314.4904 318.2300 1
316.2739 318.5769 0
316.2027 318.9790 0
317.4019 319.4191 0
318.0378 320.3734 0
317.5767 321.1061 1
320.8646 322.6831 0
320.4862 322.9464 0
321.4158 323.2988 0
321.5984 323.7665 0
321.8248 323.9077 0
321.9844 324.3783 0
322.3611 324.5828 0
323.3982 325.2598 0
322.9644 325.6088 0
323.4045 325.9479 0
323.9397 326.1147 0
324.3975 327.1019 0
325.3349 327.3663 0
326.2843 328.6307 0
326.9050 329.0603 0
327.3522 329.2258 0
326.8239 329.3324 0
327.0693 329.6670 0
327.3327 329.7382 0
327.3773 330.4971 1
327.7543 330.5591 0
326.6474 331.3024 1
329.4305 331.8491 0
332.5417 334.4900 0
332.4235 334.5235 0
331.8857 334.5360 0
333.1994 335.0297 0
334.3851 336.3005 0
335.0022 337.0618 0
335.3833 337.3409 0
335.9802 337.9198 0
336.0712 338.1229 0
336.5900 338.4286 0
336.7135 339.0025 0
334.0588 339.4616 1
337.3468 339.8892 0
338.0186 339.8901 0
336.3767 339.9888 1
338.1661 340.1066 0
337.4085 340.5156 1
338.5721 340.5980 0
339.1086 341.7047 0
339.2669 342.0048 0
338.4572 342.0090 1
340.9962 342.9837 0
340.8363 343.0289 0
342.2027 344.5607 0
343.0200 345.1589 0
338.5604 345.5022 r0
345.0814 347.4131 0
344.7500 347.7368 0
345.1436 348.3766 1
347.0062 348.8392 0
346.6584 348.8918 0
346.6089 349.7740 0
348.8255 350.6522 0
348.5327 351.0391 0
349.8824 352.0109 0
350.7972 352.9682 0
350.4556 352.9980 0
351.6008 353.5437 0
352.2566 354.1224 0
351.9933 354.1658 0
352.6051 354.5118 0
352.7844 354.9323 0
353.1682 355.4695 0
352.4555 355.6403 1
354.0121 356.1117 0
356.4709 358.3704 0
357.1376 359.0525 0
356.7315 359.2215 0
355.4725 359.3477 1
356.9910 359.4711 0
357.6076 359.5426 0
358.9646 360.8841 0
358.8069 361.1567 0
359.2430 361.2432 0
359.3119 361.3143 0
359.8432 361.9134 0
359.7890 362.1913 0
359.8306 363.0959 1
360.5284 363.0984 0
359.8547 363.3154 0
360.3909 364.5991 1
362.7244 364.7287 0
364.1363 366.2849 0
364.7579 366.6758 0
362.7852 367.0696 1
365.0979 367.1884 0
364.2192 367.9246 1
366.3017 368.2674 0
366.9657 368.8115 0
366.8830 368.8834 0
367.1104 369.2146 0
367.5087 369.6767 0
370.3208 372.1417 0
371.4304 373.2829 0
370.2860 373.4859 0
372.5466 374.6477 0
372.8869 375.1661 0
373.8774 375.7911 0
374.3420 376.1981 0
372.7040 376.7024 1
374.7885 376.7386 0
374.5617 377.0054 0
374.8992 377.1534 0
374.9803 377.7504 0
375.1241 378.0955 0
375.6489 378.9062 0
376.9462 378.9883 0
375.6272 379.1633 0
375.2661 379.2503 0
376.9555 379.5967 0
377.2941 380.0949 0
373.7060 380.1146 r0
378.1474 380.8374 0
377.4282 381.0509 0
379.4846 381.3136 0
380.1372 382.0247 0
381.3597 383.4317 0
381.5491 383.9473 0
382.0854 384.2007 0
383.9553 385.9865 0
383.9373 386.2772 0
384.4734 386.4535 0
385.2316 387.0509 0
385.1479 387.1561 0
384.2443 387.5085 1
380.2409 387.8212 r0
385.2367 387.9030 0
386.4385 388.7207 0
387.0268 389.0038 0
387.7305 389.6016 0
385.9055 390.0616 1
388.3789 390.2640 0
384.5552 390.9930 r0
389.1271 392.0667 0
390.0253 392.2182 0
390.7607 392.7881 0
390.7676 392.8370 0
389.6826 392.8902 1
386.8315 393.4600 r0
391.5093 393.7405 0
392.0294 394.0556 0
392.3328 394.1745 0
391.4192 394.5486 0
392.9940 394.8510 0
393.2213 395.1232 0
393.9382 395.8160 0
394.0471 396.2386 0
393.3597 396.4749 1
394.8047 396.7431 0
395.0554 396.9944 0
395.2996 397.3629 0
395.4900 397.6056 0
396.4183 398.8246 0
396.8550 398.8294 0
397.3812 399.4042 0
397.6234 399.7272 0
394.8804 400.0238 1
396.7165 400.5104 1
396.6910 401.0128 1
399.2001 401.0334 0
398.4875 401.0895 0
399.7348 401.7552 0
400.2174 402.0507 0
400.3838 402.5750 0
396.4656 402.9348 r0
400.5876 403.0441 0
401.8615 403.8058 0
402.2546 404.2826 0
402.0483 404.3021 0
402.4226 404.5243 0
402.4751 404.5547 0
398.4016 404.8110 r0
403.3348 405.2290 0
403.4605 405.7459 0
403.6889 406.3731 0
403.3577 406.6555 1
405.0655 406.9923 0
405.0585 407.3524 0
405.6016 407.5485 0
405.6704 407.7168 0
407.6159 410.2009 0
407.0420 410.4928 1
408.9136 411.0504 0
404.1074 411.2744 r0
409.6216 411.5170 0
410.2311 412.2542 0
411.2307 413.0787 0
410.7089 413.3280 0
413.4657 415.5333 0
413.7216 415.5459 0
413.3572 415.7052 0
414.5886 416.8037 0
410.6386 417.3236 r0
415.4418 417.8665 0
416.1378 418.0419 0
415.4370 418.1642 0
417.5943 419.4133 0
417.9285 419.8800 0
416.6791 420.0248 1
417.9229 420.0831 0
418.8494 420.7492 0
418.3098 421.4245 1
419.7431 421.7246 0
419.6625 421.7582 0
420.0531 421.9957 0
418.9883 422.0573 0
419.6871 422.0757 0
418.5726 422.4154 1
420.5668 423.2907 0
422.1384 424.1593 0
422.6228 424.5055 0
420.4393 424.7645 1
419.3737 425.9616 1
424.8381 426.7567 0
424.4356 427.1371 0
425.5629 427.4945 0
426.3681 428.2002 0
426.5076 428.5132 0
422.0811 428.5787 r0
427.0669 428.9759 0
426.9767 429.4728 0
427.6200 429.5329 0
428.4286 432.0218 1
428.6376 432.0933 1
430.2235 432.3224 0
428.1350 432.3565 1
430.7723 432.8810 0
431.0419 433.3773 0
432.6060 434.4962 0
433.3546 435.1740 0
433.8961 435.9865 0
433.6393 436.0459 0
433.0360 436.2682 1
429.9697 437.0077 r0
435.6917 437.6079 0
436.2448 438.3985 0
436.8363 438.6660 0
437.1409 439.1012 0
437.2711 439.3342 0
437.7056 439.5770 0
438.1885 440.1852 0
438.2102 440.3418 0
438.5902 441.7316 0
442.0751 444.0356 0
441.9825 444.2801 0
440.6128 444.2878 1
442.5212 444.3852 0
442.1842 444.6604 0
441.7873 445.0429 1
443.2576 445.2282 0
445.9139 447.9208 0
446.3389 448.1941 0
446.4100 448.2320 0
447.1165 448.9420 0
447.2502 449.1822 0
447.2968 449.6910 0
446.7135 450.2616 1
448.8828 450.9768 0
448.5786 452.0303 1
449.9471 452.0466 0
450.5715 452.3903 0
451.6720 454.0530 0
452.3695 454.2346 0
453.8359 455.6567 0
453.9170 456.1767 0
453.3673 456.3088 0
454.6214 456.4436 0
454.5309 456.6852 0
454.8561 457.2146 0
455.7337 457.9496 0
455.9013 458.0335 0
456.0734 458.1974 0
456.6664 459.0570 0
457.9558 460.5852 0
458.7901 460.6457 0
459.4457 461.3529 0
459.4445 461.4371 0
460.4630 462.4475 0
460.3837 462.5101 0
460.3067 462.7346 0
460.8024 462.8859 0
461.6448 463.4908 0
462.3685 464.2400 0
462.8136 464.9750 0
464.1301 466.0109 0
464.1728 466.7514 0
464.7176 466.8082 0
465.3593 467.3746 0
465.6997 467.6561 0
465.7701 467.8834 0
465.4806 468.5498 0
465.8119 468.6010 0
466.9335 468.9843 0
467.1675 469.2469 0
467.2118 469.6228 0
467.8304 470.3875 0
468.6546 471.0451 0
467.5958 471.0810 0
468.1292 471.1514 0
468.2651 471.3735 1
468.6691 471.4607 0
469.0260 471.5327 0
468.1854 471.8179 1
469.9941 472.9888 0
469.9660 473.2246 0
470.3830 473.3391 0
471.4846 473.8565 0
472.2682 474.0975 0
473.1343 475.0832 0
473.4292 475.3663 0
473.6332 475.6098 0
473.9627 475.9097 0
474.4394 476.6070 0
475.1029 477.0900 0
475.1857 477.6176 0
475.7696 477.7824 0
477.6563 479.4781 0
477.6648 479.6750 0
479.1048 480.9561 0
478.6715 481.1644 0
479.5199 481.7174 0
478.8156 481.7587 0
479.5855 482.0598 0
480.4381 482.9695 0
481.2255 483.6878 0
482.1425 484.0117 0
482.0481 484.2693 0
484.3806 486.6057 0
480.2395 486.7886 r0
489.3269 491.1903 0
491.0313 493.0011 0
491.5792 493.4751 0
492.2174 494.0687 0
491.9441 494.2166 0
492.3682 494.2182 0
492.4345 494.9554 0
492.5238 495.9656 0
492.8706 496.0312 0
493.8916 496.1128 0
494.3616 496.1820 0
493.7216 496.3089 0
495.7439 498.6660 0
496.5963 498.8333 0
497.7261 499.6541 0
497.7886 499.7127 0
498.0783 500.0918 0
497.2649 500.3613 0
498.8318 500.7384 0
498.2494 500.8831 0
498.2004 501.8709 1
499.0429 501.9076 0
498.7154 502.3730 1
491.0075 502.4720 r0
499.8049 502.5827 0
499.7500 502.8635 0
501.0366 502.9692 0
501.3164 503.2626 0
501.4614 503.4091 0
500.7453 503.9573 1
502.5420 504.4951 0
502.9352 505.2784 0
503.8594 505.8202 0
504.4677 506.4978 0
504.3231 506.6841 0
504.8931 506.8040 0
505.9788 507.8192 0
506.8903 508.9112 0
506.4765 509.0217 0
506.6406 509.7958 0
508.9392 510.8964 0
509.1955 511.8157 0
510.0776 511.9162 0
510.9849 512.9496 0
511.0223 513.0940 0
511.1388 513.4365 0
511.1668 513.4879 0
511.4378 513.6469 0
510.4851 513.9238 1
509.8921 514.0577 1
512.9005 514.9466 0
513.1851 515.1596 0
513.4121 515.3372 0
513.2406 515.8041 0
512.6048 515.9356 1
514.2596 516.3259 0
514.9910 517.6627 0
515.7240 517.7129 0
516.4200 518.4380 0
516.4909 518.5703 0
516.8420 518.9623 0
516.3394 519.3124 0
517.3997 519.5889 0
517.3179 520.1270 0
512.4167 520.2930 r0
518.1236 520.4589 0
517.9125 520.5316 0
518.4912 520.9297 0
519.9377 521.9585 0
519.5127 522.2068 0
516.2074 523.1011 1
521.4854 523.3448 0
521.6241 524.1534 0
522.8663 524.8182 0
522.6420 524.8282 0
521.7779 524.8544 0
518.5888 525.9243 r0
524.2562 526.3122 0
524.7961 526.7091 0
524.2879 526.7686 0
524.9801 526.8612 0
525.0468 526.9459 0
524.7949 527.4538 0
525.5996 528.4272 0
525.9864 528.5938 0
526.0276 528.5979 0
526.0971 528.7555 0
526.3400 528.8647 0
526.3735 529.5710 0
527.5403 530.4999 0
527.6406 530.7212 0
528.4132 530.8446 0
527.8063 531.1090 1
526.7203 531.1561 0
527.3513 531.1916 0
528.8749 531.5264 0
529.6965 532.3909 0
529.8683 532.9340 0
530.9171 532.9432 0
532.9636 534.8368 0
533.4332 536.6113 1
534.9148 536.8872 0
534.7117 537.1084 0
535.6243 538.0382 0
534.7202 538.2659 1
536.5876 538.9266 0
537.3584 539.2087 0
537.3977 539.4735 0
535.6278 539.5603 1
537.5189 539.7245 0
533.1003 539.7337 r0
536.5707 539.8702 1
541.7492 543.7774 0
540.8959 544.9413 1
543.1197 545.3813 0
543.2182 545.6618 0
539.0459 545.8672 r0
538.9399 545.9778 r0
540.2502 546.6890 r0
544.5142 546.9103 0
545.3807 547.2900 0
545.6434 548.0225 0
544.6270 548.7366 1
547.3389 549.5246 0
545.7247 549.8446 1
548.2606 550.1038 0
548.6378 550.5951 0
549.0691 550.9069 0
547.1444 551.0796 1
549.2881 551.2937 0
549.2623 551.3194 0
549.3419 551.6158 0
550.9200 555.0118 1
553.4597 555.6236 0
552.1046 555.9186 1
555.1241 557.3098 0
555.3254 557.5847 0
555.7225 558.9990 1
557.7801 559.7196 0
557.7182 559.8191 0
557.6143 560.1414 0
558.0539 560.3081 0
557.6712 560.3396 0
558.0209 560.7488 0
558.0636 561.5543 0
559.0439 561.6955 0
558.6100 561.7729 1
559.9264 562.0458 0
560.7654 562.5993 0
561.3928 563.3198 0
560.3739 563.4965 1
562.9360 564.8622 0
563.4749 565.8739 0
563.8911 566.1163 0
563.7969 566.6229 0
565.1839 567.0791 0
565.3630 567.4455 0
565.3570 567.9287 0
566.3809 568.2966 0
566.6117 568.4383 0
566.6424 568.8382 0
566.6789 568.9588 0
566.8226 569.3109 0
565.8697 569.7674 1
568.0470 570.1740 0
568.1180 570.3250 0
569.1438 571.3326 0
566.7570 571.3521 1
570.1006 572.8867 0
571.3295 573.3103 0
571.6793 574.4123 0
572.3328 574.6287 0
571.8404 575.0335 1
571.1800 575.0598 1
573.7415 575.5997 0
573.9576 575.8680 0
573.1657 576.4715 1
574.8044 576.6498 0
574.8779 576.6974 0
574.4586 577.1705 0
575.8527 577.7472 0
575.2866 577.7966 0
575.9313 577.8151 0
576.6659 579.0746 0
577.5117 579.5826 0
578.9064 580.8530 0
580.9323 582.8095 0
578.8439 583.0031 1
581.7054 583.7584 0
582.4389 584.4628 0
583.7505 585.9778 0
586.5576 588.3928 0
586.9242 589.1087 0
585.3630 589.3029 1
587.6738 589.6236 0
587.6759 590.0620 0
588.1092 590.1291 0
588.0294 590.2156 0
588.7584 590.8421 0
588.7822 591.1012 0
588.7945 591.6383 0
589.1482 592.1267 0
590.2897 592.7539 0
588.9194 592.8144 0
590.3058 592.9922 0
590.5801 593.4724 0
590.9087 593.9919 0
592.0388 594.6585 0
591.6642 594.8395 0
593.3244 595.3115 0
595.0438 596.9460 0
590.2781 597.9029 r0
596.4264 598.4131 0
596.5303 598.6976 0
596.5638 598.7313 0
596.2959 598.8341 0
596.1846 599.1003 0
596.8928 599.8514 0
598.0705 600.5274 0
597.1121 600.7886 1
599.7791 601.8332 0
599.7740 601.9810 0
600.1318 602.0361 0
599.9488 602.1057 0
600.2292 602.1230 0
602.2835 604.1755 0
602.1223 604.5570 0
602.7922 604.7469 0
603.7113 605.5943 0
601.8329 605.9774 1
602.1191 605.9937 1
602.0057 606.1624 1
605.0041 607.0253 0
603.2314 607.1401 1
606.3994 608.2274 0
607.1286 608.9993 0
604.9872 609.1040 1
605.6593 609.5097 1
608.3987 610.8405 0
609.8531 612.0072 0
610.6589 612.5378 0
610.5891 612.5396 0
610.2902 613.1140 0
611.7959 614.0421 0
612.5008 614.3257 0
612.3788 614.7639 0
610.8913 614.8836 1
614.8819 616.8195 0
615.1364 617.2643 0
615.1763 617.2857 0
615.9270 618.1062 0
618.6487 620.5193 0
617.3794 620.6074 1
618.5511 621.0521 0
614.4454 621.2202 r0
619.3006 621.5282 0
618.7435 621.8579 0
614.9840 621.9512 r0
620.2882 622.8161 0
621.4869 624.1930 0
624.3113 626.5033 0
620.2145 627.2081 r0
627.4115 629.4864 0
627.5756 629.5647 0
626.1070 630.0608 1
628.5019 630.9716 0
628.9778 631.2399 0
629.3313 631.2784 0
629.5382 631.5007 0
629.8337 631.7291 0
630.1854 632.1446 0
630.6981 633.0086 0
632.0203 634.1105 0
630.8488 634.2568 1
632.5347 634.6066 0
632.9781 634.8713 0
633.1457 635.0110 0
633.4614 635.3045 0
635.1416 637.0043 0
634.9186 637.0321 0
635.3133 637.6649 0
635.5688 637.7782 0
636.0567 638.0643 0
636.2618 638.1709 0
634.4444 638.5633 1
637.8411 640.5388 0
638.6234 640.5890 0
638.6457 640.6093 0
639.2409 641.3340 0
638.0864 641.4732 1
639.4461 641.4771 0
640.5451 642.5367 0
641.3123 643.3335 0
639.2647 643.3613 1
641.1445 643.5716 0
642.2193 644.3242 0
642.1786 644.5612 0
642.7838 644.9599 0
643.0050 644.9973 0
643.1230 646.3124 1
644.9033 646.8302 0
644.1851 647.1047 0
645.4550 648.0747 0
646.0571 648.3362 0
646.4564 648.3821 0
646.6560 648.8153 0
646.5623 648.8943 0
647.3384 649.5627 0
647.5315 649.9991 0
648.4474 650.4912 0
648.5107 651.6912 1
648.7342 651.9444 1
650.2810 652.3634 0
652.6496 654.5012 0
654.5094 656.8506 0
654.9174 657.5097 0
655.3661 657.5737 0
655.5376 657.5904 0
657.2931 659.1393 0
657.7787 659.6490 0
658.1151 660.0017 0
658.0259 660.1775 0
659.3713 661.3393 0
659.0744 661.3478 0
659.8121 661.6703 0
659.9830 662.3793 0
660.3353 662.4664 0
659.8625 662.5337 0
660.9034 663.2764 0
660.9532 663.2851 0
660.9790 663.9185 0
660.2056 664.3671 1
661.0423 664.8561 0
663.3640 665.2326 0
662.2702 665.3515 0
666.0853 668.0118 0
666.2130 668.0516 0
666.6207 668.7404 0
666.5694 668.9742 0
667.1714 669.0403 0
668.2649 670.2173 0
668.3502 670.8726 0
668.7922 670.9527 0
668.9313 671.3813 0
670.5281 672.6268 0
670.9105 672.7790 0
666.5589 673.0329 r0
671.5405 673.3861 0
672.3360 674.2109 0
668.1741 674.6154 r0
671.9343 675.3502 1
673.8665 676.2149 0
674.8250 676.8961 0
670.8027 677.6502 r0
676.6191 678.5565 0
676.8913 678.9364 0
676.2862 679.0540 0
676.5667 679.7108 1
677.5945 679.7302 0
677.5605 679.8134 0
677.7575 680.7438 0
678.5630 681.0211 0
679.4321 681.3748 0
679.4667 681.8532 0
675.7475 682.2240 r0
680.0104 682.7913 0
680.9831 682.9251 0
680.6233 683.1006 0
683.2180 685.0570 0
682.4894 685.9983 1
678.6685 686.1645 r0
684.3866 686.3205 0
684.2742 687.4141 0
687.0290 689.1470 0
687.4302 689.3036 0
686.4548 689.7556 1
687.5362 689.8271 0
688.0605 690.3100 0
692.3694 694.3068 0
692.5611 694.8263 0
692.9732 694.8829 0
692.9852 695.0311 0
692.9890 695.1053 0
692.7181 695.6959 0
694.0991 696.5536 0
690.0081 696.6075 r0
693.4359 696.7929 1
694.2775 696.8272 0
694.6774 696.8750 0
694.7222 696.9118 0
693.9623 697.3858 1
695.1417 697.7553 0
696.1063 697.9715 0
696.4317 698.9853 0
696.2264 699.0015 0
696.1153 699.1046 0
696.4463 699.1449 0
696.7008 699.7717 0
696.8342 700.2541 0
696.9429 700.8782 0
697.4768 700.9337 1
696.9265 700.9441 0
697.6561 701.1170 0
697.6513 701.2006 0
697.7862 701.6758 0
698.3133 702.1748 0
699.1889 702.8544 0
699.6548 703.0154 0
700.0294 703.2927 0
698.4947 703.5031 0
700.0889 703.6878 0
700.2407 704.0659 0
701.4559 705.1086 0
701.6480 705.4468 0
702.0098 705.5287 0
701.6701 705.5750 0
702.0697 706.5786 0
703.4699 707.1352 0
703.7590 707.3196 0
704.1814 707.7094 0
705.0342 707.7256 0
705.3018 707.8807 0
705.2568 708.6231 1
701.2737 709.2882 r0
706.2384 709.5147 1
705.5222 709.7119 0
707.8770 709.8517 0
707.9078 710.1515 0
708.3370 710.4810 0
708.0021 710.5227 0
708.2971 711.4591 0
709.5911 711.6902 0
710.1520 712.0393 0
709.2965 712.1421 0
710.7077 712.5812 0
711.5796 713.4908 0
712.7593 714.9454 0
714.0671 715.9173 0
713.3353 716.1891 0
714.5607 716.4408 0
714.3991 716.5765 0
714.6304 716.6657 0
714.9414 716.9417 0
715.0432 718.2084 0
715.2313 718.3006 0
714.6993 718.3423 1
715.4370 718.4776 0
718.0233 719.9650 0
717.7701 720.1161 0
718.1887 720.3491 0
718.9918 720.8234 0
718.8077 721.9157 0
720.9534 722.7817 0
721.6667 723.5256 0
721.9382 723.9307 0
722.2611 724.2951 0
721.4077 724.3278 0
723.1861 725.0714 0
723.3446 725.2656 0
724.1665 726.2705 0
724.8706 727.0375 0
719.0950 727.5407 r0
724.6141 727.5654 0
725.7998 727.6252 0
724.6063 727.6454 0
726.7742 728.6022 0
726.4783 729.8079 1
728.2647 730.3649 0
728.5331 730.4449 0
729.8686 732.1232 0
730.0224 732.1247 0
730.4252 732.5884 0
730.4546 732.9600 0
732.5179 734.3624 0
732.2691 734.4275 0
732.5957 734.7099 0
733.0156 734.8675 0
732.6658 734.9443 0
733.5097 735.8710 0
734.4466 736.2855 0
734.9602 737.2019 0
735.2885 737.4037 0
734.9460 737.5124 0
735.3014 737.6770 0
735.6412 738.4413 0
735.8213 738.9412 0
735.8564 739.0744 0
736.9135 739.5922 0
738.1762 741.5583 1
739.7606 741.7537 0
740.2929 742.3116 0
741.9916 744.3802 0
736.9899 744.6554 r0
743.3773 745.2529 0
738.9481 745.4366 r0
743.7399 745.5843 0
742.9513 745.6604 0
743.5248 745.8599 0
736.6011 745.9690 r0
744.6744 746.7572 0
745.7515 747.7440 0
746.3052 748.1699 0
745.8478 748.3212 0
747.1008 749.2257 0
746.6019 749.4706 0
747.4931 749.5562 0
747.5288 750.6498 1
748.1678 750.7329 0
749.0196 750.9057 0
749.4099 751.5363 0
749.9167 752.0698 0
750.4910 752.3259 0
750.0259 752.3722 0
751.0349 753.0923 0
752.1721 754.1467 0
752.7506 754.6261 0
751.5675 754.6706 0
753.1949 755.1601 0
753.5077 755.3899 0
753.1689 755.5600 0
753.6041 756.2349 0
755.7256 757.7946 0
756.0867 758.0767 0
757.3013 759.2587 0
757.9447 759.9844 0
758.8711 760.8876 0
759.0398 761.2058 0
759.4180 761.5353 0
754.7058 761.7803 r0
759.5735 762.1907 0
759.6931 762.3536 0
759.8483 762.4657 0
758.4926 762.5572 1
759.9746 762.8508 0
761.4142 763.7224 0
761.7422 764.4612 0
762.4505 764.5423 0
761.5103 764.7160 1
764.2000 766.2144 0
764.1394 766.3026 0
763.5328 766.3594 0
764.7203 766.7569 0
764.8618 767.5832 0
765.2291 767.9264 0
766.5062 768.3778 0
765.9312 768.6199 0
766.8379 768.6597 0
761.6509 768.7421 r0
767.5414 769.7214 0
767.7560 769.8140 0
767.8039 770.3270 0
767.8727 770.4931 0
769.4375 771.2630 0
769.8056 771.8325 0
770.2110 772.0370 0
770.2306 772.5753 0
770.6537 772.8937 0
770.6893 772.9743 0
771.0729 773.3206 0
771.5116 773.7106 0
771.6874 773.9089 0
772.4245 774.4959 0
773.6309 775.5518 0
767.6401 775.5991 r0
773.8331 775.9761 0
773.6687 775.9843 0
774.2204 776.3522 0
775.2000 777.1507 0
774.9969 777.5928 0
775.3058 777.5964 0
775.8777 778.0828 0
775.5888 778.4783 0
775.8916 778.6682 0
774.4943 778.6798 1
775.9060 779.2214 0
776.1422 779.8753 0
776.3688 780.0323 0
777.1505 780.5864 0
777.2599 780.6587 0
777.3692 781.3835 0
777.8260 781.9379 0
777.7308 782.2088 0
778.9086 782.4912 0
779.4582 782.5678 0
779.2837 782.6924 1
779.8784 782.9364 0
781.4230 783.3228 0
781.9852 783.8807 0
782.2598 784.3695 0
782.2215 784.4871 0
776.3186 784.8349 r0
782.6601 784.8836 0
782.5718 785.0891 0
783.3578 785.1773 0
784.6373 786.5885 0
784.8830 786.9131 0
785.4511 787.6762 0
783.8826 787.6945 1
787.3083 789.7259 0
788.6156 790.6548 0
788.9270 790.8834 0
789.5130 791.4609 0
789.4740 791.7828 0
789.7899 791.7867 0
789.4757 791.8984 0
790.0909 792.6098 0
791.4996 793.5377 0
790.3321 793.7327 0
790.3448 793.8683 1
792.4660 794.5147 0
792.4371 795.1871 0
792.4062 795.3732 0
793.0875 795.7934 0
793.3895 795.8618 0
793.8014 796.5760 0
794.3097 797.5094 0
795.1660 797.8977 0
794.4027 797.9700 0
794.0587 797.9804 0
796.1914 798.6606 0
794.9141 798.9894 0
792.3364 799.6424 r0
796.6138 799.7093 0
798.5792 800.6074 0
798.7583 800.6378 0
797.2473 800.7882 0
799.0056 800.8640 0
799.5255 801.4104 0
800.1777 802.1257 0
802.0392 803.9392 0
800.1702 804.7218 1
802.7230 804.9239 0
803.3998 805.2471 0
803.1861 805.2492 0
803.3659 805.2929 0
803.5082 806.1378 0
803.9893 806.2493 0
804.0664 806.7920 0
804.2486 807.1137 0
804.8497 807.4694 0
804.5682 808.0504 1
804.1832 808.1885 0
807.2025 809.0723 0
807.1973 809.1790 0
805.2274 809.3298 1
808.3582 810.3239 0
807.6828 810.7161 0
809.4668 811.3411 0
809.1686 811.4497 0
809.6117 811.7562 0
810.1716 812.4288 0
811.4350 813.5013 0
811.2041 813.7866 0
812.1407 814.3667 0
812.5438 814.3710 0
812.8712 815.1266 0
813.2633 815.6172 0
813.0812 815.7169 0
814.4054 816.5465 0
815.6360 817.5458 0
815.3077 817.9213 0
816.5806 818.4789 0
815.5065 818.6828 1
812.6961 819.2246 r0
817.7949 820.2326 0
816.9182 820.2371 1
818.9753 820.8505 0
817.6698 820.8939 1
819.5113 821.3312 0
819.3631 821.3491 0
819.0386 821.6084 0
819.4740 821.6170 0
820.0201 822.1165 0
820.7495 822.6799 0
821.0523 823.2085 0
819.7909 823.4903 1
822.6926 824.5164 0
821.8694 825.9898 1
823.9722 826.1500 0
825.3306 827.2990 0
825.7524 827.7006 0
823.8294 827.7605 1
826.3283 828.2053 0
826.8884 828.9052 0
827.2058 829.4995 0
827.7090 830.0706 0
828.2599 830.3206 0
827.7017 830.3766 0
828.4604 830.4547 0
827.6486 830.9623 1
830.9366 832.8564 0
830.3379 833.0884 0
831.0860 833.2282 0
830.9397 833.2930 0
830.6840 833.6545 0
832.0130 834.2123 0
831.0673 834.4914 1
832.9225 836.4391 1
834.4832 836.4776 0
834.5885 836.7218 0
836.0004 839.1753 1
837.3402 840.5223 0
838.7376 840.5657 0
839.0875 841.1833 0
839.0966 841.3454 0
839.4795 841.3862 0
839.1126 841.5954 0
840.0350 842.5966 0
840.0025 842.7672 0
842.1156 844.0073 0
840.2676 844.6577 1
843.7709 845.5926 0
843.9597 845.9691 0
844.2061 846.0293 0
844.2033 846.3139 0
845.4976 847.7488 0
840.1934 848.0446 r0
846.9696 848.9210 0
847.0277 849.1316 0
846.6452 849.1586 0
847.2953 849.4710 0
848.5271 850.8863 0
845.2401 851.7785 r0
850.5065 852.5336 0
848.7914 853.2361 1
851.2892 853.3352 0
851.4903 853.3655 0
850.8115 853.4221 0
852.0912 854.2258 0
852.3244 854.4304 0
852.5255 854.6341 0
848.5705 855.3876 r0
853.9143 855.7810 0
853.8577 856.0403 0
854.3255 857.2604 0
855.3427 857.6263 0
855.5659 857.6405 0
855.1462 857.8831 0
856.0296 857.8970 0
856.7300 858.8218 0
857.0623 859.5106 0
856.8872 859.5527 0
856.9223 859.7204 0
858.1070 860.1077 0
859.6408 862.2307 0
861.5945 863.9301 0
861.8840 863.9576 0
860.3461 864.0926 1
862.1373 865.3723 1
863.5932 865.7917 0
863.5163 865.7941 0
865.1241 866.9544 0
865.1014 867.7052 0
866.2883 868.2310 0
866.1294 868.4699 0
867.5852 869.4639 0
867.3804 869.5433 0
867.1980 869.5582 0
867.8105 869.9336 0
868.4220 870.2909 0
868.6206 870.4811 0
868.9505 871.3899 0
869.3501 871.4223 0
869.2087 872.5409 1
869.3562 873.2972 1
874.9992 876.8891 0
876.7822 878.9983 0
877.4088 879.2830 0
877.0116 879.4900 0
878.2423 880.1043 0
878.9362 881.0370 0
873.3358 881.0466 r0
878.8241 881.9612 1
880.9568 882.8090 0
876.1185 882.9461 r0
879.6565 883.2114 1
882.2360 884.1229 0
882.8280 884.8345 0
882.3041 885.1013 0
883.3799 885.2227 0
881.7639 885.2251 1
878.4986 885.2554 r0
883.4403 885.6155 0
884.4045 887.7166 1
885.8922 888.1692 0
886.3164 888.2534 0
885.8245 888.3192 0
886.1436 888.4447 0
887.0283 888.9907 0
887.1141 889.1719 0
882.7897 889.5579 r0
887.8513 890.1341 0
887.8830 890.2776 0
887.0506 890.6029 1
888.6867 890.7233 0
888.7419 890.8832 0
888.7339 891.3197 0
890.5979 893.1888 0
894.6540 896.7195 0
895.1234 897.1912 0
895.4777 897.3318 0
895.5017 897.4768 0
896.5130 898.5234 0
896.9185 898.7551 0
896.9210 899.0225 0
895.7748 899.1330 1
896.1438 899.6250 1
898.4142 900.4198 0
898.5455 900.4432 0
895.9517 902.4876 r0
900.8259 902.6525 0
898.5411 902.6600 1
900.5817 903.9272 1
902.7536 904.7486 0
903.2032 905.1363 0
903.3811 905.2170 0
903.8642 905.8236 0
904.2103 906.0453 0
905.4996 907.3966 0
906.2797 908.3384 0
906.6958 908.5361 0
907.1750 909.1745 0
908.3569 910.4457 0
907.7809 910.5183 0
904.0404 910.5205 r0
908.6766 910.5756 0
907.8973 910.6054 0
908.5541 910.9514 0
909.3182 911.4036 0
911.0202 913.0136 0
911.1090 913.8848 0
910.4216 915.1017 1
913.2707 915.3685 0
913.1902 915.4126 0
913.8726 915.7279 0
913.9955 915.8235 0
913.5552 916.0256 0
914.2665 916.7015 0
913.3807 917.1895 1
915.2933 917.2196 0
915.9623 917.8306 0
917.0480 918.9313 0
917.1598 919.3466 0
917.5547 920.0602 0
917.9123 920.2294 0
917.7454 920.2851 0
921.0424 923.0508 0
921.0808 923.0936 0
921.4599 923.2957 0
921.6171 923.5514 0
921.6037 924.5179 0
918.1450 924.7019 r0
921.7708 925.1505 0
921.7425 925.3035 0
922.8383 925.3449 0
923.1731 925.6936 0
922.2706 926.1677 0
923.8050 926.4392 0
920.0050 926.4976 r0
923.2464 927.1749 1
924.3920 927.5083 0
925.8448 927.7367 0
927.3435 929.2082 0
927.9479 930.4808 0
928.8146 930.8923 0
928.1728 930.9305 0
929.9911 932.1094 0
930.1438 932.3026 0
930.3043 932.3613 0
930.7076 933.1216 0
930.3176 933.1753 0
930.9270 933.7299 0
931.8370 933.9813 0
932.6697 934.4910 0
933.3237 935.1732 0
933.3049 935.8084 0
936.1118 937.9775 0
936.1323 938.3403 0
936.7407 938.6514 0
936.9106 938.9087 0
936.6302 939.3321 0
937.8747 939.9368 0
937.9352 940.2358 0
938.0395 940.3174 0
938.1181 940.5829 0
938.6940 940.8845 0
939.4982 941.3381 0
940.0168 941.9771 0
940.2855 942.7693 0
940.8134 943.6007 0
942.1462 944.3436 0
942.5434 944.4222 0
942.6658 944.4938 0
942.9405 945.2574 0
943.7952 945.8164 0
944.9694 947.6060 0
946.0411 948.0478 0
945.8491 948.2795 0
946.8141 948.8021 0
946.0496 948.8970 0
947.4555 949.4734 0
948.9150 950.8922 0
949.3718 951.3314 0
948.6320 951.7526 0
950.6722 952.7101 0
951.4068 953.3598 0
953.0307 955.0184 0
953.3028 955.2454 0
952.1831 955.9310 1
954.0694 955.9946 0
954.2513 956.1598 0
954.2737 956.5301 0
952.8945 957.5614 1
956.7004 958.5427 0
956.4960 959.2257 0
957.5903 959.5378 0
958.2519 960.8618 0
957.5767 960.9378 1
959.8296 961.7506 0
959.2765 961.8441 0
960.1491 962.1280 0
955.5364 962.1613 r0
961.3505 963.2694 0
961.3003 963.4196 0
956.4104 963.5478 r0
961.5120 963.6903 0
962.2389 964.1609 0
961.4993 964.7038 0
962.3244 964.7983 0
962.8030 965.2826 0
962.6715 965.5019 0
963.4660 966.2003 0
963.0977 966.3129 0
963.5625 966.6726 0
959.5265 966.8159 r0
963.8843 967.0813 0
964.8097 967.4729 0
963.4105 967.4991 1
964.9536 968.6087 0
965.4911 968.6647 0
967.0614 969.0761 0
965.4147 969.1604 0
967.0796 969.4104 0
968.4746 970.5449 0
967.5725 970.6035 0
969.0256 971.0626 0
967.1835 971.2443 0
969.2961 971.4653 0
969.0034 971.6465 0
964.3498 971.8557 r0
970.3685 972.7071 0
970.1833 972.7241 0
969.0903 972.9057 1
971.2545 973.3104 0
971.1951 973.3634 0
970.4407 973.5246 0
972.0204 974.0482 0
971.0844 974.5649 1
971.4084 974.5810 1
973.8862 975.8204 0
974.0364 975.9168 0
973.9538 975.9359 0
974.3209 976.3635 0
975.3103 977.2126 0
975.5018 977.3486 0
974.4074 977.7889 1
975.7798 977.8560 0
976.0747 978.0801 0
977.5695 979.7766 0
977.9165 979.9682 0
974.0443 980.1789 1
978.2702 980.2041 0
975.8036 980.4167 1
978.6228 980.5255 0
979.3564 982.5403 0
981.0585 982.9918 0
983.3730 985.3252 0
983.7252 985.7562 0
981.4208 985.8435 1
983.8949 985.9563 0
984.6706 986.5814 0
984.8172 987.1810 0
985.4413 987.4624 0
986.7031 988.6270 0
986.5218 988.9374 0
983.3212 989.9684 r0
987.6281 990.1215 0
989.9112 991.8144 0
990.0210 992.0751 0
990.3444 992.2967 0
990.5662 992.5358 0
991.0941 993.0871 0
991.5475 993.8662 0
991.2842 993.9641 0
991.8891 994.0616 0
992.3100 994.4415 0
992.8305 995.7715 0
992.4315 995.8366 0
993.6325 995.8859 0
993.4873 995.9590 0
994.8745 996.8081 0
992.0096 998.8655 r0
997.2163 999.0609 0
996.6303 999.6430 0
996.3337 999.7013 1
998.6148 1000.4477 0
998.9234 1000.8017 0
999.8264 1001.7168 0
999.7437 1002.3169 0
998.8723 1004.0471 1
