0.1425 2.0058 0
3.4915 6.3743 0
2.8190 6.5661 1
4.7730 6.8609 0
5.5844 8.9271 1
6.9653 9.1551 0
7.7600 9.4916 0
7.8139 11.2791 1
10.3566 13.3948 1
12.9576 14.6591 0
12.2454 14.7059 0
14.1931 16.1913 0
14.3372 16.2106 0
12.7429 16.4942 1
14.0130 17.0700 1
16.5624 19.6967 1
19.4860 21.3110 0
19.6961 21.6533 0
22.1736 23.8623 0
22.4567 24.2946 0
22.4354 25.4969 1
24.7215 26.4924 0
26.5356 28.0982 0
32.5525 34.3549 0
33.8610 35.3581 0
37.3661 39.5566 0
39.2020 40.9488 0
37.9215 41.0694 1
37.3549 41.7338 1
39.0861 42.5440 1
40.3225 44.1066 1
42.0720 44.1086 0
42.3933 44.2433 0
41.1586 45.0691 1
42.6801 45.7807 0
43.7138 47.0920 1
45.2999 47.2660 0
44.1881 48.1152 1
45.3085 49.0007 0
44.0600 49.0163 1
46.0860 49.3394 0
47.9724 50.9740 0
44.5735 51.0023 r0
48.3397 51.0687 0
49.2780 52.5954 0
49.7105 52.9548 1
49.8641 54.1716 1
50.4757 54.3689 0
51.9614 55.2575 1
52.8816 56.2889 0
51.9814 56.4665 0
48.5192 57.4990 r0
54.0528 57.7961 1
55.5217 58.4448 0
55.1986 58.5785 0
55.9611 59.9838 0
56.8072 60.4997 0
59.4975 61.9512 0
59.6677 62.9930 0
60.8515 63.8409 0
64.1561 65.6670 0
64.3854 66.4731 0
64.0207 67.0385 1
64.8543 68.0246 0
64.1558 68.1222 1
69.0042 70.4782 0
68.0753 71.7393 1
67.2155 71.8843 1
71.8701 73.9283 0
73.7588 75.4096 0
75.1336 76.6149 0
75.6312 77.5423 0
76.4505 78.1874 0
77.0870 80.2845 1
77.3809 80.6141 0
77.5216 80.7996 0
77.6888 82.1426 0
78.2596 82.8568 0
78.9867 84.8299 0
82.2985 85.4792 1
83.1168 85.7749 0
88.0145 89.9878 0
88.8964 90.4946 0
94.7911 97.8458 1
96.2458 97.9719 0
96.7844 98.8023 0
94.8002 99.2400 1
98.7803 100.3351 0
98.8917 100.5146 0
98.4338 101.8622 1
99.4782 102.0041 0
99.4145 102.0077 0
97.7095 102.4501 1
102.4830 103.9852 0
101.3394 104.0039 0
102.9755 105.9696 0
105.5607 107.1172 0
104.4516 107.5633 1
106.0712 107.7323 0
107.3779 109.4189 0
107.2698 109.5234 0
108.5974 110.9077 0
113.2564 116.4713 1
114.9470 116.6544 0
115.3142 117.0481 0
115.3408 118.4634 1
117.4807 119.2490 0
115.8882 119.7480 1
118.2241 119.8203 0
119.3942 121.1441 0
115.9339 121.8827 1
122.6428 124.1469 0
123.1041 124.9832 0
124.6797 127.8066 1
123.0716 128.3952 1
127.3900 129.2825 0
128.8312 130.4034 0
120.8270 130.4816 1
127.4510 130.8282 1
130.0820 131.6951 0
128.3065 132.2331 1
131.8050 133.2921 0
131.2118 133.8311 0
134.2973 136.6459 0
137.1142 142.3495 1
140.5163 142.6046 0
140.4812 142.7539 0
140.9166 144.1339 0
142.8411 144.5758 0
141.2732 144.6533 1
142.2122 145.3209 1
143.7070 146.2943 0
143.7661 147.5644 1
147.8969 150.1960 0
148.3608 150.2019 0
146.5812 151.4568 1
149.9693 151.6915 0
151.5056 153.1872 0
153.0945 154.9620 0
155.1317 158.3636 1
154.8852 158.7395 1
157.9805 159.6968 0
158.0037 160.2692 0
160.4128 162.6084 0
159.3845 162.7672 1
163.9111 165.7157 0
165.5875 167.2245 0
167.3371 168.9508 0
167.5313 169.2916 0
167.8276 170.6503 0
169.1138 172.3926 1
171.1467 172.6950 0
170.5752 173.8161 1
180.0144 181.4942 0
179.7819 182.2209 0
180.5948 183.4855 0
182.3729 184.5252 0
184.5730 187.7988 1
188.5594 190.1052 0
189.3542 191.0060 0
183.9401 192.0854 r0
191.1685 192.7112 0
189.9509 193.5934 1
192.8997 194.8043 0
194.4248 197.4602 1
195.1534 198.2373 1
