1.4930 3.3807 0
2.0800 4.0586 0
3.0477 4.8233 0
2.7751 4.9109 0
4.1107 6.6355 0
6.0954 7.7614 0
6.4654 8.5749 0
1.5981 9.0325 1
7.6658 9.6556 0
8.2448 9.9520 0
8.3904 10.7371 0
9.5282 11.2134 0
9.1040 12.7280 1
11.2362 12.9153 0
11.2805 12.9905 0
10.2165 13.0394 0
11.2387 13.0877 0
10.8202 13.3160 0
9.8667 13.9904 1
10.5940 14.0578 1
13.5041 15.4222 0
11.3860 15.7347 0
13.3090 15.7913 0
15.3418 17.1289 0
15.7002 17.6686 0
12.3853 18.5038 1
17.6984 19.4759 0
18.5874 20.3514 0
18.0768 20.6912 0
19.7375 21.4496 0
20.1257 22.1108 0
18.6449 22.5913 1
20.7876 22.7303 0
21.1199 22.8313 0
20.4504 22.8838 0
21.5138 23.1923 0
22.3460 24.1287 0
22.5705 24.5929 0
20.8841 24.7349 1
23.0883 24.9799 0
23.5176 25.2293 0
24.2136 25.8853 0
24.0116 26.4103 0
25.0420 27.0216 0
24.9542 27.3813 0
24.0706 27.5514 1
26.7933 28.5248 0
26.6890 28.5712 0
26.7630 28.6238 0
27.2675 29.1437 0
27.6800 29.5525 0
28.7942 30.6026 0
27.8021 31.1197 1
28.6612 32.2377 1
30.1790 33.0766 0
32.6286 34.3365 0
34.0091 35.7131 0
35.0794 37.1401 0
35.4838 37.8385 0
36.5200 38.3927 0
37.0409 38.9085 0
37.3824 39.6367 0
37.5568 40.0478 0
36.9715 40.3098 1
39.2364 40.9969 0
38.8171 41.4909 0
39.8254 41.5224 0
38.2121 41.8211 1
38.8028 42.1579 1
40.4192 42.2780 0
41.8412 43.6550 0
42.3265 44.0923 0
42.5511 44.6316 0
42.8155 45.2146 0
43.0715 45.2974 0
41.7669 45.4967 1
44.6770 46.4132 0
43.5606 48.6461 1
48.4414 50.1175 0
48.5435 50.6867 0
49.4006 51.3818 0
49.8559 51.5617 0
50.0858 52.2820 0
51.1989 53.2927 0
52.1327 54.2750 0
55.2248 56.9540 0
39.6827 58.2166 1
56.6864 58.7899 0
55.4708 59.3043 1
58.1494 59.8563 0
58.2418 59.9019 0
58.4410 62.0576 1
60.5465 62.7594 0
60.9169 62.9276 0
60.7754 63.0033 0
61.7955 64.2410 0
62.5115 64.5341 0
63.2478 65.0593 0
66.1876 68.9678 0
67.7454 69.4681 0
67.6615 69.7061 0
67.1965 69.8382 0
69.5673 71.2282 0
69.4584 71.6381 0
69.8315 73.2128 0
73.3981 75.5811 0
73.7053 75.9047 0
75.0011 76.6627 0
74.9892 76.6897 0
75.1404 76.9353 0
75.2319 77.3553 0
76.4238 78.3952 0
76.3502 78.4176 0
76.5102 79.0652 0
76.2027 79.1974 0
77.1184 79.5089 0
77.7320 80.6575 0
77.3914 80.9030 0
77.7977 81.1791 0
78.5754 81.2009 0
79.2754 81.2482 0
77.8976 81.3336 1
78.6164 81.9830 1
76.2647 82.5295 1
80.1565 82.7587 0
80.0637 82.8349 0
80.8057 83.0450 0
82.1073 83.9884 0
83.0095 84.8264 0
79.6028 85.0052 1
84.4552 86.1956 0
85.3765 87.1051 0
85.0336 87.2040 0
86.2461 88.8117 0
86.9366 89.1379 0
84.8452 89.6312 1
87.5982 89.6914 0
88.5074 90.2440 0
87.1245 90.4524 1
88.2087 91.0054 0
90.5271 92.3421 0
91.1268 92.8745 0
90.7755 93.0043 0
91.4829 94.6869 0
92.8938 94.8596 0
93.2103 95.1637 0
91.5961 95.2695 1
94.0527 95.8378 0
93.6107 96.0163 0
94.3477 96.3516 0
94.4781 96.8307 0
94.7015 97.4676 0
90.3339 97.6302 r0
99.0105 100.7280 0
97.4236 100.8652 1
99.3187 101.2184 0
96.3400 101.8993 1
99.9793 102.0377 0
100.3610 102.1685 0
100.3518 104.5618 1
102.8282 104.7234 0
102.8869 105.2089 0
103.6339 105.3230 0
103.7481 105.8825 0
100.1511 105.9289 1
104.4814 106.2209 0
105.3936 107.0896 0
105.5531 107.2195 0
103.9065 107.4439 1
106.1947 107.9543 0
107.8514 109.5698 0
106.3198 109.6894 1
105.2628 110.0316 1
109.2156 110.9990 0
107.8653 111.2798 1
110.3736 112.5729 0
110.1021 112.6186 0
111.1761 112.8759 0
111.3209 113.0439 0
111.6551 113.4766 0
108.2301 113.8947 1
112.4998 114.4036 0
112.0844 114.6583 0
112.9188 114.7303 0
112.8527 115.0102 0
113.3195 115.1433 0
109.7564 115.3687 1
113.4092 116.1038 0
113.7202 116.4557 0
113.8027 116.4738 0
114.2614 116.7767 0
115.3457 117.2770 0
113.8301 117.2868 1
115.3828 117.7790 0
115.8834 118.2896 0
116.8725 118.9197 0
115.0823 119.0989 1
115.6045 119.1137 1
118.3374 120.3376 0
116.0910 120.6395 1
119.5372 121.5024 0
119.7515 121.5412 0
119.3769 121.5435 0
119.0270 122.4592 1
120.9451 122.6900 0
118.9678 123.0475 1
120.5739 123.3339 0
122.3034 124.0777 0
122.4703 124.1847 0
122.7943 124.6082 0
123.1052 124.8287 0
123.9465 125.7394 0
122.6155 126.0535 1
126.1990 127.9319 0
126.0287 128.1585 0
126.3841 128.4534 0
122.9573 129.3048 1
127.7011 129.8273 0
128.1349 129.8416 0
129.4579 131.3481 0
128.6451 132.4984 1
130.1664 133.6979 1
130.3705 133.8139 0
132.5286 134.2786 0
132.6051 134.5515 0
131.8208 134.7810 0
133.0885 135.5918 0
132.7084 135.6262 0
134.4911 136.4918 0
133.3126 136.5807 0
134.2653 136.6077 0
135.5880 137.2884 0
133.4376 137.8557 1
137.5358 139.2003 0
136.0595 139.6238 1
136.8980 140.6565 1
139.2442 141.2330 0
139.1276 141.4885 0
141.7489 143.4858 0
142.5396 144.2295 0
144.3399 146.0983 0
145.1148 146.9057 0
146.6736 148.3853 0
147.0409 149.1135 0
146.8707 149.1282 0
145.0832 149.1423 1
148.6931 150.5632 0
148.8386 150.6604 0
149.3076 151.3785 0
149.9369 151.8698 0
148.0827 151.9983 1
149.8586 152.2357 0
149.9724 152.3813 0
150.7830 152.5217 0
150.7832 153.3116 0
150.8514 153.7708 0
152.6918 154.6129 0
153.2304 154.9879 0
153.6780 155.4784 0
151.9883 155.6819 1
154.4103 156.2401 0
154.8495 156.6074 0
154.9739 156.8240 0
156.1434 157.8101 0
150.0851 158.0178 1
156.1972 158.1986 0
156.4034 158.3775 0
155.6718 158.5634 0
151.5219 159.3610 r0
156.6290 159.8890 0
158.2515 159.9524 0
159.2435 161.6350 0
159.7358 162.4545 0
160.8335 162.5727 0
160.1174 162.8906 0
161.3087 163.3455 0
161.9881 164.6627 0
163.0024 164.7618 0
160.0093 167.1917 r0
165.4283 167.1960 0
166.5915 168.3906 0
166.7251 168.5792 0
168.3529 170.1503 0
168.7335 170.5376 0
168.8788 172.2257 1
170.6166 172.5447 0
173.5042 175.3260 0
174.3640 176.5813 0
175.3578 177.0671 0
175.0800 177.1970 0
175.6195 178.5549 0
176.0632 179.7058 1
178.1490 180.2874 0
179.1285 181.0904 0
177.6497 181.4133 1
179.1601 181.9260 0
181.3521 183.7475 0
182.4569 184.1800 0
182.4028 184.5119 0
183.2325 184.9385 0
183.1512 185.1778 0
184.7066 186.5544 0
184.9466 186.9491 0
186.4683 188.1722 0
187.1532 188.9933 0
187.3032 189.0808 0
187.6432 189.5814 0
188.7840 190.4692 0
187.1046 190.4929 1
188.5638 190.8911 0
189.2960 191.0620 0
190.1941 191.8938 0
190.5457 192.5914 0
190.4835 192.6682 0
190.6482 192.8120 0
189.8108 193.2102 0
191.8759 193.7784 0
193.1566 195.0116 0
192.8204 195.1011 0
195.4792 197.8956 0
193.8347 198.5831 1
197.7163 199.6285 0
195.2137 199.6937 1
197.6692 199.8659 0
198.4961 200.2292 0
197.3934 200.4865 0
195.9615 200.5513 1
199.3596 201.2928 0
199.3655 201.5856 0
199.4656 201.7511 0
197.3788 201.9735 1
200.6091 202.4931 0
201.1898 202.9314 0
202.6370 204.3636 0
202.7460 204.9984 0
203.0486 205.5406 0
202.0261 205.6622 1
205.2980 209.0821 1
205.1165 209.8862 1
208.1829 210.4214 0
208.9236 210.8734 0
205.4702 213.2764 r0
212.8615 214.6796 0
213.2275 214.9896 0
213.6385 215.3946 0
213.8495 215.7324 0
214.1670 215.9136 0
215.0277 217.0963 0
214.2184 218.9637 1
215.4543 219.9353 1
219.1121 221.0432 0
221.6850 223.3589 0
219.0166 223.4350 1
222.5235 224.5156 0
221.7237 224.5908 0
222.8569 224.7876 0
223.5961 225.7157 0
224.1045 226.5153 0
225.3752 227.1532 0
225.5049 227.3286 0
225.5747 227.3760 0
227.3797 229.1429 0
226.5938 229.9687 1
228.6407 230.4390 0
228.6680 230.7349 0
229.1858 231.0372 0
227.9943 231.8124 1
230.9428 232.6669 0
230.6546 232.9144 0
231.5026 233.1683 0
231.8392 233.6343 0
231.9594 234.3548 0
231.0510 234.3683 1
231.7022 234.4801 0
231.0483 234.6578 1
233.1766 235.0250 0
232.4563 237.2577 1
235.8188 237.4852 0
236.8820 238.9765 0
236.8122 239.4948 0
237.3585 239.5146 0
238.2539 241.1311 0
236.5118 241.1782 1
239.9634 242.5227 0
240.1362 242.7321 0
236.1132 243.1185 r0
239.7319 243.6497 1
241.6298 243.7805 0
242.2100 244.1882 0
237.0142 244.6968 r0
243.5157 245.3575 0
242.6826 247.8710 1
241.3398 248.4175 r0
247.7902 249.7442 0
248.1838 249.8729 0
248.6529 250.3911 0
248.9991 250.8507 0
249.9768 251.7514 0
250.9076 252.8421 0
251.3651 253.0925 0
251.2638 253.1692 0
251.2274 253.8604 0
251.7726 254.6535 0
252.2564 254.8941 0
252.3234 254.9351 0
252.3636 255.6207 0
254.6766 256.6105 0
253.5101 256.6411 0
255.6700 257.5198 0
255.5936 257.8190 0
255.1411 257.8736 0
251.5592 259.4499 r0
258.4263 260.1811 0
258.7873 260.6019 0
258.4587 262.6111 1
261.5972 263.4733 0
261.8275 263.5410 0
261.7009 263.6104 0
261.5509 263.6487 0
262.1331 264.5653 0
262.4368 265.4705 0
263.8102 266.2099 0
264.8207 266.5544 0
265.2402 268.5566 1
266.8203 268.5697 0
267.2620 269.3277 0
266.0236 270.7157 1
267.2331 272.3516 1
270.0716 272.9716 0
271.6576 274.0430 0
273.2601 274.9294 0
274.7035 276.5322 0
273.6476 276.9564 1
275.9364 277.8851 0
276.4407 278.3727 0
277.4225 279.2483 0
277.4118 279.5368 0
278.1083 279.8188 0
277.9021 279.8506 0
273.7366 280.1075 1
278.1863 280.3068 0
277.1258 280.4469 1
279.3166 281.1926 0
275.8601 281.9038 1
279.7174 281.9136 0
280.4755 282.4076 0
280.4551 282.8460 0
281.1896 284.1935 0
283.1160 284.9118 0
283.0631 284.9173 0
283.7902 285.6144 0
284.6726 286.6282 0
284.8267 287.7869 0
286.2965 288.2220 0
284.9829 288.7542 1
287.9896 289.8070 0
288.5486 290.2848 0
288.7729 290.4917 0
288.0672 290.5512 0
289.8944 291.8300 0
290.0077 291.8907 0
290.8653 293.0226 0
290.7045 294.0070 1
292.9579 296.6156 1
296.8137 298.6611 0
297.5381 299.3933 0
297.1780 299.4044 0
298.2031 299.8831 0
299.5001 301.1984 0
299.6663 301.6961 0
300.0733 301.8465 0
300.1712 302.1711 0
300.4864 302.4954 0
300.7273 303.0333 0
301.5245 303.5163 0
301.4532 303.6473 0
300.9093 304.3920 1
301.9243 304.3935 0
302.6925 304.6338 0
303.3210 305.1354 0
302.0052 305.3221 1
303.4382 307.1103 1
305.2938 307.2465 0
306.6206 308.3067 0
306.6725 308.4101 0
306.9652 309.1651 0
307.5440 309.2291 0
305.6478 309.8609 1
308.1917 309.8831 0
308.6692 310.5401 0
309.0179 310.8759 0
309.0134 310.9720 0
309.3626 311.0798 0
311.5125 313.4616 0
311.7488 313.8348 0
311.1369 313.9431 0
311.6566 314.1667 0
312.4985 314.2890 0
309.4431 314.3681 1
312.5295 315.3832 0
313.5423 315.8570 0
313.4606 315.8767 0
312.9611 316.0415 0
314.0568 316.2532 0
312.8870 316.4438 1
313.3976 317.7026 1
320.1406 322.5752 0
320.8695 324.2806 0
323.3574 325.0876 0
321.2122 325.1366 1
324.1848 326.4402 0
322.3948 326.4915 1
324.8596 326.5417 0
325.3588 327.2046 0
325.5072 327.4303 0
326.4598 328.3406 0
327.0134 329.1497 0
326.0667 329.3467 0
325.8685 329.7240 1
327.0913 329.7975 0
327.2787 331.0286 0
324.3367 331.0642 1
328.0801 331.1851 0
328.5949 331.2094 0
329.8728 331.6777 0
329.9360 332.5098 0
330.3327 332.9666 0
330.4785 333.0743 0
330.3821 333.4852 0
331.1169 333.6499 0
326.6549 333.7131 r0
331.3996 334.4242 0
331.4072 334.9484 1
334.1914 337.7723 1
335.2914 338.2862 0
337.1566 339.2862 0
337.4074 339.3224 0
338.1288 339.8698 0
338.1228 339.9876 0
336.2349 340.0798 1
339.5139 341.1826 0
339.3478 342.0421 0
341.1611 343.3277 0
341.3811 343.5240 0
342.2829 344.3780 0
343.1998 344.9005 0
343.9927 345.7735 0
345.4934 347.1652 0
345.4497 347.1795 0
340.9258 348.1679 r0
346.6224 348.3270 0
346.6713 348.3680 0
346.8653 349.0378 0
347.9587 349.8380 0
347.5622 351.1642 1
349.4979 351.4848 0
348.9183 351.8182 0
349.4659 352.2497 0
350.1026 352.5975 0
350.3829 352.6366 0
347.2240 353.1159 1
350.4913 353.2811 0
349.6195 353.4843 1
350.7200 354.4737 1
352.9417 355.3771 0
353.8130 355.6766 0
354.6078 356.4353 0
356.2374 358.2050 0
355.1047 359.0816 1
357.2533 359.0864 0
355.3456 359.2721 1
357.3103 359.3893 0
356.6907 360.0756 1
359.2526 360.9142 0
359.2752 361.4763 0
357.9170 362.5780 1
360.7857 362.6560 0
361.5743 363.3348 0
361.9459 363.6484 0
362.7237 364.4831 0
361.4170 364.7318 1
360.9113 364.7959 1
364.1709 366.4473 0
365.5051 367.2715 0
363.3876 367.4028 1
364.5635 368.3412 1
365.0713 369.0219 1
366.5980 369.0253 0
368.9994 370.9835 0
368.8888 370.9947 0
370.9696 372.6401 0
371.3243 373.5301 0
372.0306 374.0125 0
370.7617 374.1446 1
372.4021 374.3033 0
372.9214 374.6982 0
373.3080 375.0202 0
374.0444 375.7249 0
373.7507 375.7991 0
371.7528 376.7223 1
377.0167 379.2424 0
379.4690 381.3244 0
380.8435 383.0638 0
381.3478 383.7455 0
382.6780 384.3562 0
381.0175 384.3583 1
383.3116 385.3134 0
381.5383 385.3493 1
382.7470 385.7049 0
384.0278 385.9961 0
385.0952 386.8047 0
385.2930 387.0478 0
385.2182 387.2647 0
385.5088 387.9443 0
386.9054 388.6663 0
387.0763 388.8904 0
389.0414 391.3355 0
390.0580 391.7286 0
390.0931 391.9576 0
390.0766 392.2209 0
390.0530 393.6425 1
392.6010 394.2931 0
392.3030 394.4213 0
393.1409 394.8496 0
392.2037 396.1794 1
393.4020 396.2559 0
393.0435 397.0883 1
395.8000 398.1014 0
396.9586 398.6395 0
397.6107 399.3525 0
397.7856 399.9067 0
396.6512 400.4050 1
397.9058 400.4768 0
397.3224 400.7469 1
400.6484 402.4220 0
400.3983 403.7365 1
402.6770 404.4504 0
403.3892 405.4024 0
403.1772 405.5090 0
399.3903 405.9929 1
405.0712 406.7352 0
406.1244 407.9340 0
406.6147 409.0729 0
407.6121 409.5386 0
407.9415 409.6527 0
407.9156 410.2027 0
406.8757 410.2102 1
402.5144 411.0498 r0
409.4602 411.1517 0
410.5392 412.3317 0
410.4583 412.8568 0
410.5837 413.0102 0
411.2919 413.0712 0
411.0682 413.0794 0
412.8330 414.5319 0
413.6559 415.3307 0
414.2747 416.0035 0
414.1881 416.5522 0
415.4775 417.1512 0
415.5562 417.2986 0
415.5284 419.0623 1
416.5791 419.1357 0
417.7480 419.5511 0
418.2765 419.9399 0
415.9388 420.3201 1
415.9958 420.3271 1
418.5188 420.4133 0
418.6786 420.8996 0
420.1989 422.0008 0
420.4818 422.2005 0
420.6368 422.3172 0
420.2137 422.4189 0
416.2402 422.4541 1
420.9752 423.2278 0
414.9674 423.8262 r0
422.4337 424.2773 0
422.7059 424.4196 0
418.8087 424.8830 1
424.1394 425.8160 0
423.3154 426.5202 0
425.4798 427.1402 0
426.0937 427.8043 0
423.7966 427.8424 1
427.1832 428.8859 0
427.6033 429.7510 0
426.4585 430.3428 1
429.0476 430.8105 0
429.1500 431.2280 0
429.5698 431.4131 0
430.5923 432.3572 0
431.7354 433.4054 0
425.8983 433.9820 r0
434.7664 436.4447 0
434.8208 436.5126 0
434.7775 437.0160 0
435.8936 437.5834 0
435.8077 437.6873 0
431.2485 438.0828 1
436.1888 438.2248 0
435.9652 438.5784 0
437.1826 439.1343 0
437.1886 439.2561 0
435.4562 439.8735 1
436.9288 440.2301 1
438.0109 440.5158 0
439.0702 441.1456 0
437.3777 441.5260 1
440.3270 441.9984 0
443.2997 445.0515 0
443.5456 445.3605 0
443.6234 445.4341 0
446.8124 448.7629 0
448.7011 450.3797 0
448.2882 450.3945 0
447.5434 450.8500 1
448.5398 451.8398 0
444.3790 451.8980 r0
448.4947 452.1264 1
449.0884 455.3664 1
451.0391 455.7653 1
454.0692 456.0632 0
454.4750 456.1819 0
453.7936 457.7780 1
456.1647 457.8802 0
456.6778 458.4929 0
455.6482 459.1089 1
457.2594 459.3474 0
457.9403 459.6274 0
457.6878 459.6677 0
459.2020 460.8820 0
459.2916 461.0177 0
459.2977 461.0380 0
459.3831 461.3533 0
456.9517 461.4133 1
459.5711 461.4232 0
456.1067 461.5958 1
460.8354 462.6556 0
461.0706 462.8292 0
458.9950 463.3710 1
461.7121 463.6971 0
462.3605 464.2629 0
463.0161 465.4040 0
463.1199 465.5689 0
463.6258 466.1529 0
465.3118 467.0249 0
465.1159 467.3250 0
463.8978 467.4469 1
464.8479 468.4799 1
467.4401 471.2866 1
469.5392 471.3430 0
470.4109 472.3738 0
470.3620 472.4686 0
469.3462 472.7506 1
474.5313 476.2951 0
474.3620 476.3596 0
474.6580 476.7874 0
474.8727 477.0082 0
475.6284 477.2893 0
476.2665 478.8143 0
476.5680 478.9671 0
477.4152 479.2604 0
477.4113 479.3418 0
477.7213 479.4989 0
476.6483 480.0699 1
478.4257 480.7121 0
478.2219 480.8778 0
477.2255 481.2284 1
477.6057 484.1296 1
480.8379 484.7630 1
484.0483 485.8893 0
484.2868 485.9697 0
478.4915 486.1382 1
484.5701 486.3201 0
481.0399 488.1393 1
487.6156 489.4768 0
487.7416 489.8778 0
488.3124 490.7516 0
488.3447 492.3510 1
491.0277 493.0156 0
492.6881 494.8772 0
493.7007 495.3758 0
492.9370 495.3949 0
486.8219 496.3155 r0
494.9611 496.6710 0
494.9195 496.7255 0
494.1601 497.5222 1
494.0781 498.3745 1
498.8173 501.0246 0
498.7598 501.6100 0
499.5738 502.1176 0
499.4181 502.1420 0
499.4459 502.9577 1
